1000
796
439
685
778
101
403
361
64
479
169
547
447
133
227
687
246
372
695
500
207
697
682
375
233
817
469
187
41
694
997
767
499
146
472
731
727
425
708
909
205
23
783
853
548
479
733
830
789
968
223
557
180
920
715
721
111
258
164
292
95
1
321
833
16
651
874
262
298
531
798
788
561
121
198
929
299
390
327
674
233
237
365
634
497
916
890
122
300
385
469
375
496
610
287
482
336
971
976
12
55
146
460
667
729
76
233
299
836
812
25
933
880
379
129
210
901
139
647
766
515
879
338
924
355
345
299
776
783
711
489
702
206
923
892
408
773
75
888
230
954
844
247
308
913
307
784
951
424
820
331
6
574
901
605
723
169
101
497
417
971
631
479
384
406
531
940
25
305
961
917
48
44
881
206
205
105
351
204
903
144
100
76
136
562
274
214
570
348
104
744
215
646
53
162
158
784
764
946
374
605
878
172
87
500
286
735
230
221
277
626
16
635
20
243
769
147
781
790
625
543
534
449
238
489
171
802
270
856
530
416
720
792
954
3
668
897
869
32
468
765
620
63
910
945
692
397
70
717
495
284
735
653
223
24
432
107
887
903
813
298
219
337
840
235
346
228
9
228
956
782
596
804
759
619
142
39
558
511
945
484
154
895
995
664
635
156
742
725
708
387
782
434
200
616
617
876
241
351
110
260
320
411
931
328
963
787
497
444
631
219
185
145
297
754
661
433
291
127
783
267
844
132
460
641
414
944
173
488
231
269
845
879
266
544
77
354
755
554
824
535
877
94
773
177
148
762
490
989
449
716
519
706
721
554
704
156
722
850
967
198
823
128
792
433
434
10
853
319
989
721
696
78
90
415
678
819
528
552
219
470
382
393
797
564
682
532
420
472
712
2
758
641
457
841
921
290
458
292
193
251
886
886
768
65
729
592
821
660
836
33
61
881
270
897
778
132
30
32
770
239
470
1000
666
512
224
997
509
301
957
988
735
319
247
77
652
505
651
446
640
368
254
128
651
898
52
212
207
435
466
425
973
44
322
673
280
226
193
357
125
554
142
445
909
519
0
904
502
929
979
156
873
373
648
929
119
414
470
199
673
177
699
261
93
10
455
342
499
756
30
360
499
56
933
866
163
683
392
427
225
190
528
552
732
913
685
134
121
734
700
658
377
965
377
654
782
97
587
704
381
343
238
43
779
794
988
566
835
445
955
574
764
466
473
794
514
612
352
576
743
741
926
37
385
138
927
50
639
132
320
512
155
900
34
588
362
390
366
219
668
737
582
255
660
922
647
642
357
172
488
530
58
346
186
171
227
298
749
184
287
864
740
784
803
832
235
443
230
573
226
623
287
877
366
274
799
605
208
633
385
80
725
370
826
640
807
755
379
148
755
726
591
331
376
609
531
813
986
199
779
637
538
671
846
903
316
603
179
843
915
584
924
613
873
323
420
316
860
747
525
110
769
922
624
805
743
99
649
345
852
199
586
350
806
233
785
507
180
495
525
590
340
197
942
1000
301
569
818
527
835
186
638
199
938
876
305
779
806
836
203
97
348
116
851
810
737
838
793
194
155
697
560
104
711
410
639
306
22
996
964
39
434
918
471
548
701
91
131
221
46
643
435
169
95
412
749
112
477
228
435
749
514
355
511
927
236
340
564
730
346
41
27
474
524
4
399
341
503
301
485
748
165
462
203
706
191
51
147
548
650
217
643
95
965
739
653
501
997
172
60
713
770
431
445
196
843
895
747
411
709
288
279
750
179
954
173
583
212
735
661
72
231
134
414
517
290
698
839
317
134
250
578
275
738
71
687
471
11
671
501
645
755
333
774
452
683
164
695
300
447
473
113
775
987
734
483
938
973
45
96
39
982
782
969
48
565
1000
83
98
112
317
372
210
84
471
710
127
800
4
634
358
641
219
186
879
498
436
936
777
292
565
131
885
821
82
279
14
370
693
683
935
804
347
457
352
7
589
287
523
282
770
670
50
434
149
269
295
768
249
984
401
142
540
927
819
107
237
167
975
418
907
326
302
28
966
939
883
888
104
704
469
122
409
902
901
547
862
345
3
805
20
931
425
803
499
698
528
491
911
379
554
324
204
792
326
120
707
32
228
519
562
141
672
463
639
527
577
897
407
882
835
452
620
798
26
22
110
340
60
234
188
521
332
906
237
636
848
572
577
872
39
13
542
565
735
518
542
592
563
849
811
231
584
970
262
94
459
895
492
980
32
313
510
41
483
267
835
776
111
867
649
232
903
358
181
224
78
256
481
353
336
